4 & 32.40 & 42.12 & 58.80 & 2.76 & 16.04 & 54.54 \ 
6 & 26.40 & 43.92 & 63.60 & 4.25 & 18.07 & 40.79 \ 
8 & 33.60 & 44.28 & 61.20 & 11.11 & 21.33 & 68.86 \ 
10 & 27.60 & 36.60 & 42.00 & 3.34 & 18.17 & 55.45 \ 
raw data 
result_path_time
[[ 42.   36.   37.2  43.2  33.6  32.4  58.8  44.4  39.6  54. ]
 [ 49.2  27.6  45.6  48.   39.6  52.8  26.4  42.   44.4  63.6]
 [ 48.   40.8  51.6  45.6  36.   43.2  61.2  44.4  38.4  33.6]
 [ 28.8  40.8  34.8  27.6  36.   37.2  42.   38.4  39.6  40.8]]
result_comp_time
[[  9.44454408   4.85063481   3.68904686  54.54238892   2.76215506
    9.18796802  28.77889109  20.34692097   5.99940896  20.77495813]
 [ 21.8494308    4.43388295  16.1589191   40.79016781  10.98379707
   22.07443905   4.25048399  13.13918591  17.27617788  29.70543885]
 [ 13.16907811  11.10767102  20.70493388  11.68537402  15.77356791
   14.88397288  68.86040902  31.22421098  14.24075794  11.62632084]
 [  3.337394    11.89360595   5.74198818   4.53065705  22.30847979
   55.44599891  14.01791811   5.85416389  12.36003399  46.24062681]]