4 & 26.40 & 44.76 & 64.80 & 2.10 & 18.89 & 71.60 \ 
6 & 20.40 & 39.84 & 58.80 & 0.61 & 13.35 & 32.52 \ 
8 & 19.20 & 39.24 & 78.00 & 0.81 & 15.64 & 46.83 \ 
10 & 20.40 & 38.34 & 60.00 & 1.32 & 19.19 & 53.02 \ 
raw data 
result_path_time
[[ 26.4  49.2  36.   61.2  43.2  40.8  64.8  27.6  50.4  40.8  46.8  55.2
   51.6  38.4  46.8  51.6  50.4  32.4  28.8  52.8]
 [ 25.2  20.4  34.8  44.4  34.8  40.8  50.4  54.   42.   40.8  34.8  48.
   26.4  57.6  30.   33.6  43.2  58.8  32.4  44.4]
 [ 32.4  40.8  43.2  46.8  44.4  46.8  78.   24.   44.4  36.   45.6  33.6
   21.6  50.4  19.2  40.8  25.2  38.4  43.2  30. ]
 [ 48.   60.   28.8  31.2  39.6  32.4  42.   48.   39.6  57.6  22.8  20.4
   32.4  30.   54.   27.6  36.   52.8  38.4  25.2]]
result_comp_time
[[  9.27392912  15.4706409    5.46897602  10.63687396   5.95785689
   30.60439682  31.12193799   2.10144401  54.70220089  34.92519784
   10.89670491  20.56002498  10.99210501   4.21336102  18.00830102
   10.12737513  71.59579992  10.07981992   5.79137993  15.33292794]
 [  3.07787991   0.61075282  10.33435702  12.26844001  10.28206015
    7.07570601  29.36756802  10.79904008  28.69066691  13.49162412
   13.05405378  14.82196403   1.58524799  23.71585608   1.63982105
   16.74918389   8.77333713  21.88449001   6.27740192  32.52043796]
 [ 19.68637204   8.58563805  17.33315301  42.08154321  15.24176621
   16.11429095  46.8347311    3.26965308  20.93976784   3.54385209
   24.18520594  14.152771     3.18213487  28.49420381   0.80643392
    8.67827392   2.02092791  13.6942122   16.33455801   7.56068087]
 [ 17.38096404  30.9135499   10.02911091   9.59943008  53.01743913
    7.86303902  14.47880292  14.89164805   9.87912703  44.20885897
    2.39495802   1.32212996  12.102283    17.52832985  27.77504897
    9.75870299  16.46925688  39.18585992  40.90444589   4.05514717]]